sample_size lower1 upper1 lower2 upper2 lower3 upper3
57.1853 3.13269e-16 2.13029 1.8198 2.00093 1.84489 1.84489 
67.8806 0.0618453 3.14634 1.12976 1.88293 1.84489 1.84489 
47.0418 3.13269e-16 2.13029 1.12976 1.88293 1.27224 1.27224 
46.455 3.13269e-16 2.13029 1.12976 1.88293 1.6543 1.6543 
53.6624 3.13269e-16 2.13029 1.12976 1.88293 1.27418 1.27418 
56.7957 0.280653 2.31337 1.12976 1.88293 1.84489 1.84489 
34.7388 3.13269e-16 2.13029 1.12976 1.88293 1.48492 1.48492 
110.24 -3.27189 3.23533 1.12976 1.88293 1.84489 1.84489 
122.358 3.13269e-16 2.13029 1.12976 1.88293 1.85463 1.85463 
71.5588 3.13269e-16 2.13029 1.12976 1.88293 1.2673 1.2673 
123.845 3.13269e-16 2.13029 0.549943 2.12757 1.84489 1.84489 
27.8382 3.13269e-16 2.13029 1.12976 1.88293 1.86804 1.86804 
19.9865 3.13269e-16 2.13029 1.50357 1.99209 1.84489 1.84489 
2.09364 3.13269e-16 2.13029 0.193309 1.99679 1.84489 1.84489 
57.2899 -2.44719 2.34771 1.12976 1.88293 1.84489 1.84489 
91.385 3.13269e-16 2.13029 1.59067 1.995 1.84489 1.84489 
121.408 -0.557018 3.2541 1.12976 1.88293 1.84489 1.84489 
40.9259 3.13269e-16 2.13029 1.12976 1.88293 1.44426 1.44426 
68.7573 -3.01375 2.24752 1.12976 1.88293 1.84489 1.84489 
73.4968 3.13269e-16 2.13029 1.12976 1.88293 1.38287 1.38287 
57.754 0.245355 3.45303 1.12976 1.88293 1.84489 1.84489 
94.3825 3.13269e-16 2.13029 1.56712 1.94395 1.84489 1.84489 
65.496 3.13269e-16 2.13029 1.12976 1.88293 1.44187 1.44187 
46.4243 -1.34265 3.70826 1.12976 1.88293 1.84489 1.84489 
55.0302 3.13269e-16 2.13029 0.195172 2.10282 1.84489 1.84489 
60.7684 -3.95877 2.19008 1.12976 1.88293 1.84489 1.84489 
17.4411 3.13269e-16 2.13029 1.12976 1.88293 1.68964 1.68964 
65.0902 3.13269e-16 2.13029 0.020652 2.08131 1.84489 1.84489 
19.712 -2.48295 3.35146 1.12976 1.88293 1.84489 1.84489 
71.2382 3.13269e-16 2.13029 1.12976 1.88293 1.73799 1.73799 
70.3428 3.13269e-16 2.13029 1.12976 1.88293 1.29023 1.29023 
53.5046 3.13269e-16 2.13029 1.12976 1.88293 1.5708 1.5708 
46.6894 3.13269e-16 2.13029 1.08979 1.95349 1.84489 1.84489 
18.5298 3.13269e-16 2.13029 1.7772 1.9998 1.84489 1.84489 
69.2895 3.13269e-16 2.13029 1.1647 1.97632 1.84489 1.84489 
86.5839 3.13269e-16 2.13029 0.903623 2.11406 1.84489 1.84489 
68.8141 3.13269e-16 2.13029 1.32208 2.09849 1.84489 1.84489 
72.6071 3.13269e-16 2.13029 0.918878 1.88091 1.84489 1.84489 
72.8933 3.13269e-16 2.13029 1.12976 1.88293 1.85077 1.85077 
73.956 3.13269e-16 2.13029 1.12976 1.88293 1.34105 1.34105 
30.64 3.13269e-16 2.13029 1.12976 1.88293 1.39371 1.39371 
60.0279 0.31072 3.16499 1.12976 1.88293 1.84489 1.84489 
45.7631 3.13269e-16 2.13029 0.418722 1.89523 1.84489 1.84489 
50.135 0.417592 2.18236 1.12976 1.88293 1.84489 1.84489 
114.701 3.13269e-16 2.13029 0.0317018 2.0648 1.84489 1.84489 
120.647 3.13269e-16 2.13029 1.18885 1.86504 1.84489 1.84489 
21.3995 -1.72034 2.4238 1.12976 1.88293 1.84489 1.84489 
10.3735 -0.123987 3.75847 1.12976 1.88293 1.84489 1.84489 
5.88906 3.13269e-16 2.13029 1.12976 1.88293 1.7379 1.7379 
95.5029 -1.3324 2.89717 1.12976 1.88293 1.84489 1.84489 
72.696 -1.24645 3.00128 1.12976 1.88293 1.84489 1.84489 
53.3817 3.13269e-16 2.13029 1.12976 1.88293 1.20354 1.20354 
30.0531 3.13269e-16 2.13029 1.12976 1.88293 1.20063 1.20063 
75.3791 -0.342643 1.98199 1.12976 1.88293 1.84489 1.84489 
34.6865 3.13269e-16 2.13029 1.46802 1.88357 1.84489 1.84489 
68.9897 3.13269e-16 2.13029 1.12976 1.88293 1.3001 1.3001 
62.1889 3.13269e-16 2.13029 0.365755 2.05548 1.84489 1.84489 
78.5502 3.13269e-16 2.13029 1.12976 1.88293 1.79238 1.79238 
117.239 -0.56181 3.86439 1.12976 1.88293 1.84489 1.84489 
97.9208 3.13269e-16 2.13029 0.885568 1.96086 1.84489 1.84489 
82.8395 -2.95485 2.97062 1.12976 1.88293 1.84489 1.84489 
61.3874 3.13269e-16 2.13029 0.327406 1.92423 1.84489 1.84489 
51.9057 0.847448 2.32562 1.12976 1.88293 1.84489 1.84489 
83.2573 3.13269e-16 2.13029 1.12976 1.88293 1.26472 1.26472 
123.1 3.13269e-16 2.13029 1.12976 1.88293 1.43312 1.43312 
26.7175 3.13269e-16 2.13029 1.25491 2.09395 1.84489 1.84489 
62.1845 -0.24092 2.02891 1.12976 1.88293 1.84489 1.84489 
46.9145 3.13269e-16 2.13029 0.975565 2.11689 1.84489 1.84489 
69.8313 -2.28358 2.09443 1.12976 1.88293 1.84489 1.84489 
88.8212 3.13269e-16 2.13029 1.12976 1.88293 1.81424 1.81424 
58.6915 -1.23795 2.30232 1.12976 1.88293 1.84489 1.84489 
51.2158 0.471761 3.42781 1.12976 1.88293 1.84489 1.84489 
46.7917 3.13269e-16 2.13029 1.38747 2.07486 1.84489 1.84489 
62.2993 3.13269e-16 2.13029 1.12976 1.88293 1.80682 1.80682 
57.7028 3.13269e-16 2.13029 1.12976 1.88293 1.63554 1.63554 
91.9543 3.13269e-16 2.13029 1.12976 1.88293 1.21274 1.21274 
72.0314 3.13269e-16 2.13029 1.12976 1.88293 1.18675 1.18675 
42.7624 3.13269e-16 2.13029 1.12976 1.88293 1.21728 1.21728 
76.7129 -2.75005 3.41873 1.12976 1.88293 1.84489 1.84489 
60.4983 3.13269e-16 2.13029 1.12976 1.88293 1.44059 1.44059 
26.0138 3.13269e-16 2.13029 0.434219 2.00928 1.84489 1.84489 
20.161 -3.24936 2.37292 1.12976 1.88293 1.84489 1.84489 
97.014 3.13269e-16 2.13029 1.0769 2.04265 1.84489 1.84489 
80.6481 3.13269e-16 2.13029 0.490933 1.92881 1.84489 1.84489 
64.0281 -3.36025 3.73717 1.12976 1.88293 1.84489 1.84489 
65.5673 1.04474 3.4226 1.12976 1.88293 1.84489 1.84489 
108.521 3.13269e-16 2.13029 0.318889 2.08057 1.84489 1.84489 
115.386 -2.33978 2.3009 1.12976 1.88293 1.84489 1.84489 
39.1108 3.13269e-16 2.13029 1.12976 1.88293 1.19113 1.19113 
49.948 3.13269e-16 2.13029 1.21046 1.96737 1.84489 1.84489 
7.35616 0.291181 1.96232 1.12976 1.88293 1.84489 1.84489 
85.9631 -0.289617 3.07291 1.12976 1.88293 1.84489 1.84489 
125.25 3.13269e-16 2.13029 1.12976 1.88293 1.59898 1.59898 
76.5442 -2.10688 2.06303 1.12976 1.88293 1.84489 1.84489 
90.4962 3.13269e-16 2.13029 1.12976 1.88293 1.24782 1.24782 
6.20527 3.13269e-16 2.13029 1.12976 1.88293 1.38228 1.38228 
37.2554 -2.66098 3.40589 1.12976 1.88293 1.84489 1.84489 
72.9126 3.13269e-16 2.13029 1.12976 1.88293 1.79656 1.79656 
68.223 3.13269e-16 2.13029 1.21607 1.93481 1.84489 1.84489 
39.2667 3.13269e-16 2.13029 1.39591 1.84932 1.84489 1.84489 