24465.9
365.853
23981.5
354.139
188.275
209.261
24110.6
725.133
24238.6
147.552
23984.1
151.471
23920.1
24216.3
203.891
342.586
412.096
24109.6
216.186
24240.2
283.811
23891.9
511.979
23859.9
24613.8
23917.3
254.862
275.002
329.933
24091.7
24044.8
24027.3
265.246
262.426
23977.1
294.945
24076.4
24132.8
24054.2
24024.1
166.86
203.199
560.527
24034.5
238.87
284.714
278.85
268.683
24076.2
247.796
297.675
24010.7
167.571
324.7
292.529
295.772
561.273
219.428
286.888
25449.8
264.8
285.265
324.652
299.852
24165.4
297.2
23918.1
215.967
216.594
294.282
184.916
149.459
229.07
147.836
24016.4
389.65
153.231
198.758
23867.2
379.888
325.485
191.486
178.935
23974.8
328.475
673.225
453.492
813.567
770.105
24541.6
617.704
24128
316.756
316.726
393.505
415.203
344.849
205.155
320.145
23989.4
418.107
1057.65
183.326
330.401
276.019
24052.1
305.827
24098.4
279.397
305.842
321.309
24016.1
265.034
221.37
235.42
272.985
24115.7
295.275
313.908
555.914
327.289
335.359
276.867
329.675
164.517
231.546
170.657
24018.1
23963.8
24172
244.519
24002.9
210.314
214.29
24020.5
160.856
301.67
246.24
438.881
249.94
239.277
302.659
220.589
356.773
24288.4
208.526
181.355
24806
24034
160.417
24097
202.037
354.766
24060
211.251
175.049
172.94
307.575
215.456
23969.7
666.423
324.271
237.402
324.604
24116.4
242.36
23928
379.788
218.388
24602.1
381.895
320.234
23935.1
193.799
207.38
24031.7
296.969
201.698
197.78
267.041
278.379
249.354
298.244
251.727
309.294
331.041
24286.3
24767.7
24010.4
342.541
284.197
348.877
313.815
268.597
265.231
296.126
249.303
238.691
315.372
509.707
399.861
156.922
23961.5
24038.8
166.598
538.997
403.664
468.765
486.373
673.659
726.218
956.527
799.752
873.73
1354.1
25838.2
221.348
218.482
357.002
307.403
25576.9
296.689
232.261
271.554
273.96
242.85
309.643
23917.5
482.494
23911.7
335.411
238.838
217.65
275.264
240.061
291.353
216.762
24065.1
24057.3
23910.4
172.747
423.979
479.251
391.083
149.463
209.711
205.254
209.607
195.115
23943.6
23902.1
455.784
200.49
365.892
149.451
372.352
207.792
152.691
389.778
202.969
23888.7
23948.4
173.782
255.776
169.682
240.011
23935.2
167.648
193.312
23913.1
255.287
254.745
193.742
246.224
163.793
221.061
224.527
277.164
303.25
318.924
230.485
25939.3
26370
306.328
200.431
273.087
267.841
225.624
25382.2
226.692
205.869
23895.9
244.169
24826.3
345.794
191.173
214.953
1022.16
260.805
248.551
23890.8
23924
235.964
256.219
273.345
197.615
154.888
23949.5
23960.2
23896.8
23890.8
488.391
185.145
197.432
267.206
24140.8
186.428
23934.1
574.529
201.463
251.667
201.113
861.567
219.623
315.285
24069.2
348.553
24071.4
215.405
315.689
262.617
192.816
23891.2
190.758
23992.6
160.029
172.092
23906.3
203.091
170.524
148.672
225.884
666.05
23899.1
409.334
345.22
389.278
239.454
249.188
24018.2
198.15
164.233
658.355
23978.3
223.406
281.068
265.387
255.273
355.485
235.871
24026.5
186.744
218.799
226.496
204.874
265.665
273.055
284.255
436.763
272.244
381.57
424.417
250.393
392.481
186.327
372.936
24043.1
316.459
242.806
320.946
307.695
262.623
226.958
301.521
248.859
250.901
234.155
230.294
240.127
216.451
239.826
244.46
303.023
407.617
190.805
193.13
23980.8
274.892
316.837
24110.1
23954.8
23890
308.957
480.614
313.85
365.254
169.47
200.307
354.328
215.153
155.037
218.403
228.222
23970.1
330.92
24177.4
420.994
427.809
191.954
333.231
413.885
483.04
603.951
509.249
313.857
24010.3
23899
23965.4
139.497
171.325
211.979
218.389
179.133
533.329
368.355
198.814
211.31
235.76
24052
204.106
256.696
24041
240.323
346.382
337.195
322.963
306.791
514.187
359.977
368.291
341.815
348.406
374.133
361.357
167.927
309.848
155.086
552.062
333.435
542.132
247.456
158.79
463.016
496.948
174.03
363.774
396
235.337
556.743
304.908
304.018
213.852
188.85
569.559
203.9
340.704
220.174
260.217
24014.8
165.812
562.752
165.505
24084.9
291.109
196.05
23913.6
23988.4
183.541
24299.1
199.863
173.138
23920.6
179.388
196.383
24080.2
174.938
247.686
381.132
241.762
241.827
23953.9
380.306
295.663
24862.3
23939.6
287.855
381.246
279.585
350.517
240.229
23916.9
316.587
321.257
23911.1
23962.9
376.298
160.452
23921.1
155.363
23908.3
145.682
24008.9
23877.5
300.57
402.293
23875.1
142.082
149.25
24015.3
142.472
299.611
145.764
135.515
159.065
23899.8
141.61
154.427
291.093
144.504
137.691
23852.5
23851.2
141.969
135.373
24003.8
23853.7
135.671
295.505
23853.7
134.44
23850.9
291.012
23851
133.194
23856.1
286.745
133.081
286.882
24003.1
286.327
23849.5
289.217
23852.7
132.66
132.625
134.323
286.55
23848.7
24002.7
132.354
286.373
132.454
287.227
286.394
132.257
286.65
132.235
23848.2
23848.9
132.603
23848.3
132.203
23848.3
286.214
23848.3
132.257
132.224
132.229
132.397
286.251
132.242
23848.2
132.179
23848.2
132.219
24801.3
168.823
248.686
23968.7
139.311
23879.2
23949.2
519.557
201.046
167.312
154.639
345.473
342.325
285.083
457.962
24266.5
23899
949.909
24696
193.81
589.021
23950.1
246.363
363.184
24091.6
24138.4
260.107
219.518
23983
457.409
23963.4
323.025
189.069
176.509
402.319
162.462
1411.29
432.783
24076.4
246.991
710.702
24100.4
25041.1
394.697
297.155
24085.3
23981.7
23981.2
24299.5
24126.8
23981.3
349.366
201.188
184.125
318.149
23948.1
407.552
23978.4
181.945
189.564
24055.5
24540.9
23931.3
231.151
23942.4
199.106
24001.9
254.507
482.272
335.122
312.726
24037.3
391.584
24524.9
195.429
573.066
759.156
201.221
418.579
269.446
352.184
222.167
328.045
25221.2
433.12
26833.1
24301.4
374.294
319.448
327.606
371.237
340.512
287.175
25196.8
26128.1
239.581
24066.1
23946.4
301.204
301.46
251.125
24998.6
200.388
301.531
337.112
313.835
300.974
24237.2
24095.2
342.653
319.44
24048.9
23996.5
24009.2
24136.8
24221.9
346.718
1147.8
24239.5
23897.9
235.749
239.616
24070.1
177.16
215.054
611.211
140.418
527.347
24134.6
170.134
460.282
24208.1
24113.3
23920.8
24207.2
24231.8
23913.3
24219.1
24217.4
487.134
332.423
23942.8
811.895
171.713
187.129
409.245
187.331
24019.3
224.554
316.64
23867.1
23927.6
186.435
250.14
24035.7
196.948
227.862
238.164
300.767
278.346
24072.6
23958.6
265.895
312.964
24037.8
658.909
266.277
425.478
24568.3
23977.2
23951.7
391.123
153.94
23921.5
329.977
161.623
293.543
255.587
273.856
365.13
266.416
280.78
361.781
342.901
24171.9
24204.5
266.218
240.957
218.755
23956.4
603.455
23944.1
630.47
24078.7
24110
23988.5
23899.2
940.119
24102.1
23979.6
24080.6
386.133
24054.7
23983.7
24027.9
24209.6
24134
23939.9
169.896
453.704
179.94
755.541
23977.7
269.898
200.609
221.863
194.292
258.833
277.924
292.23
313.86
302.267
296.767
297.825
259.731
248.246
276.429
248.625
25763.9
26651
245.668
310.863
424.227
24972.9
24574.6
25702.8
349.854
518.167
353.923
23864.6
24031.4
499.112
24018.2
182.281
24178.1
432.385
24089.2
155.35
193.111
610.066
168.881
172.687
24017.4
168.309
755.29
156.012
226.798
259.977
276.897
337.198
354.475
267.041
24060.6
23938.1
380.01
24161.1
514.935
950.435
686.208
24014.4
24213.8
23978.2
1005.73
23900.6
24073.1
23953.2
139.356
23899.5
184.248
24117.4
23995.5
24189.1
172.406
221.522
23885.3
24532.1
23904.5
24329
24051.6
23904.3
23970.6
23957.4
24041.7
24204.5
365.615
150.273
575.918
218.765
322.246
681.722
455.059
24046.4
318.579
300.269
262.397
228.21
185.942
616.741
529.131
217.323
523.54
562.987
834.421
211.718
24027.8
24255.8
169.109
214.379
23875.7
299.033
706.222
23969.2
24041.3
141.004
23957.3
24166.9
359.262
23880.5
334.37
23942.5
214.811
23976.8
301.828
327.998
171.802
272.242
576.164
175.551
212.377
478.051
174.468
199.773
23917.1
570.044
24317.6
24259.3
23931.7
333.871
181.615
510.517
202.424
223.95
196.223
227.481
179.35
240.987
254.537
281.293
343.382
24025.9
24100.3
245.698
321.852
488.625
350.596
470.076
1348.49
24632.3
23915.1
23861.7
189.921
233.89
275.386
24016.5
271.037
267.934
328.603
294.685
189.06
224.473
311.323
258.75
247.177
226.327
230.658
283.177
323.642
311.241
316.3
199.924
555.646
329.036
580.527
24097.5
24262.1
502.915
240.02
23989.7
258.217
24001.1
24113.2
24033.2
23936.3
303.847
327.905
247.324
177.033
255.54
286.986
222.387
241.365
302.457
339.536
418.53
23945.5
24206.1
319.269
208.03
23884.2
23988.6
185.737
258.465
314.327
302.266
201.666
191.211
376.103
311.349
24455
355.681
146.811
403.596
374.895
180.497
165.941
211.923
174.761
191.308
327.213
189.865
24046.8
24071.4
203.77
23953.6
187.838
171.501
24094.9
24840
218.399
259.628
23998.4
423.935
24244.7
226.56
308.204
195.271
162.04
180.208
1071.61
470.872
24019.1
176.864
425.047
341.373
24126.8
23873.3
217.762
233.94
172.563
257.976
193.073
304.46
310.773
285.359
286.64
278.369
399.322
214.848
231.783
293.319
202.767
192.841
24042.6
204.244
216.643
199.914
202.781
23944.3
237.984
142.443
183.45
24133.4
299.131
23896.1
24077.4
146.99
236.896
370.088
158.529
183.255
23991.1
23970.9
238.508
188.472
423.667
195.001
201.125
356.732
313.484
203.076
24013.4
138.289
256.381
423.567
380.224
319.85
225.091
23939.6
170.07
349.013
295.572
23956.7
23882.1
23863.5
23883.9
330.326
297.675
288.698
23860.8
329.55
23857.6
23901.3
134.469
135.439
291.413
317.317
137.571
136.248
135.77
23853.2
23862.1
23854.4
138.106
134.78
23857.4
133.295
289.003
133.42
23851.9
24003.9
134.326
23849.6
287.19
134.245
23849.3
133.521
132.946
132.853
132.902
23848.4
132.49
287.604
287.245
132.333
286.707
24003
132.384
23848.3
133.117
286.654
23849.4
286.342
132.221
132.243
286.461
23848.9
132.356
286.258
132.334
24002.4
132.397
23848.4
286.232
286.184
286.271
23848.3
132.199
132.281
132.244
23848.3
132.182
132.298
23848.2
286.213
286.309
23975.1
414.496
250.157
305.532
328.706
283.716
158.512
300.738
349.048
249.135
24196.4
248.138
24224.1
339.225
177.211
24061
629.521
568.843
473.351
515.887
195.627
252.701
247.835
273.896
181.598
365.356
239.274
329.365
249.603
179.911
623.571
183.045
231.185
327.6
766.053
340.045
260.312
153.487
382.662
241.589
260.815
24928.9
23964
348.425
197.953
273.226
24140.7
188.122
309.46
680.707
328.77
308.224
643.876
291.594
260.631
223.194
24097.8
24028.9
23924.9
23873.4
24093.4
370.785
23941.5
24110
207.837
292.019
23889.7
23918.1
724.91
24105.9
24399.6
465.263
23941
339.953
372.221
177.363
762.103
23911.8
202.145
185.253
246.057
469.286
342.168
242.079
563.187
24917.1
261.829
301.976
24986.4
327.532
489.238
1249.34
556.987
208.112
405.212
339.313
447.429
228.238
579.871
338.655
1157.16
257.734
345.463
338.751
23950.8
25502.7
189.363
229.948
216.598
291.852
193.865
186.78
218.814
233.312
24075.9
1057.78
23865.2
24336.8
324.32
24063.7
293.422
23875.4
24813
23962.9
24157.4
24070.3
346.207
23964.2
23960.9
24046.8
709.745
346.688
24043.2
23923.4
518.137
330.656
24085.3
302.812
23949.7
23926.7
163.071
171.417
164.359
579.545
24020
372.096
1165.71
475.258
276.936
205.57
240.016
245.145
486.416
347.769
441.663
398.758
350.473
339.333
220.695
434.457
198.592
219.634
238.911
230.047
336.364
24095.3
24152.4
369.754
24060.8
295.23
295.659
24266.6
24332.3
24131.1
23876
460.172
181.725
335.444
481.503
149.193
580.378
196.684
236.582
24189.4
24046.5
523.641
24034.6
327.378
23938.7
617.692
553.289
723.807
904.806
599.428
24250.3
974.682
687.263
875.66
646.26
1288.77
24379.2
23956
1043.66
809.792
365.034
351.982
642.833
149.364
23958.5
160.251
445.648
24076.2
446.825
159.069
24094.5
24460.6
24014.4
199.664
192.318
147.476
24112.8
159.653
172.223
259.398
290.257
270.854
266.196
474.19
363.443
25030.6
436.637
323.844
866.397
26313.4
274.648
329.668
400.318
24033.2
24285.9
24371.7
23992.1
24106.1
395.873
23946.3
24051.2
411.494
24007.9
23900
24028.9
305.004
23910.3
23909.9
182.023
223.291
153.511
269.832
23908.3
254.316
338.587
157.715
23889.6
166.766
248.182
161.855
186.944
176.719
23995.3
23942.5
24108.7
172.238
24003.4
24073.4
145.178
293.347
23927.4
23892
23918.3
349.661
303.262
24064.3
162.569
23870.8
510.565
607.766
219.015
199.909
210.751
356.5
197.307
24037.1
23928.2
24194
308.144
431.704
783.82
574.757
330.713
342.477
205.908
586.776
210.507
24233.9
319.069
450.152
368.337
424.463
481.604
223.916
422.057
208.827
466.092
1161.55
306.194
366.059
418.306
24056.9
381.907
1206.37
24044
24019.7
174.835
314.275
23911.5
190.888
154.262
423.636
298.631
323.061
1045.33
335.86
282.546
247.596
253.606
177.185
395.049
214.692
23886
334.987
291.878
24255.6
325.959
715.587
189.23
24041.3
23919.5
358.799
156.108
633.104
24254.9
23937.6
24000.2
23922.7
23855.8
24356.3
23911.3
165.289
292.93
286.756
317.851
277.199
295.84
24985.3
263.091
315.314
24004
24189.9
433.221
188.289
23895.2
315.44
23964.9
422.104
23950.2
675.883
192.486
191.626
246.631
23987.9
360.851
660.555
282.586
289.405
305.132
294.08
308.464
520.367
24018.7
24775.1
23920.6
24115.7
23883.2
23900.9
167.183
23920.4
24381.5
208.682
23932.5
23931.6
261.851
24083
23952
256.818
210.227
222.938
23911.1
24477.1
366.79
227.487
26050.1
266.32
163.578
445.015
24098.2
269.881
23921.5
24019.8
327.247
24050.3
146.048
225.377
210.079
219.048
517.385
203.069
163.557
24173.8
202.991
149.672
212.323
24034.3
214.876
24216.6
212.895
245.756
275.895
392.352
23976
229.589
254.33
24150.4
23887.7
24161
301.331
544.114
24035.2
24573.3
168.381
319.721
484.301
322.698
23897.2
197.706
210.322
161.647
233.067
304.917
228.959
23956.3
192.105
171.256
354.383
24151.3
179.382
23916.2
23919.8
23911.8
322.329
522.586
202.87
23997.2
163.782
419.929
24036.4
23884.3
139.412
306.677
305.166
955.464
208.465
610.787
292.953
543.678
295.095
158.233
177.045
212.919
23926.5
179.477
411.254
23898.5
23941.5
24008.7
24096.6
158.599
24107.2
290.499
24238.6
455.104
24082.9
383.88
301.304
187.762
435.468
228.731
175.953
164.593
196.375
227.825
205.856
325.551
24030.9
151.606
168.098
177.827
494.58
170.453
24057.6
332.015
172.753
158.034
142.403
295.583
156.461
165.34
148.65
24005.4
23878.6
304.189
23883.3
290.129
300.652
133.58
23863.9
136.544
291.039
136.149
135.536
302.983
132.62
136.099
137.65
292.552
23852.1
290.504
23860.9
24003.5
132.476
133.917
288.267
23849.5
133.608
23851.5
24004.2
288.657
134.53
132.838
133.01
286.795
133.653
24002.5
132.695
132.546
132.487
23849.9
23848.6
133.18
132.69
286.758
132.766
132.564
132.344
286.263
23848.6
132.277
286.316
286.873
24002.3
286.315
286.393
286.362
132.614
132.316
286.262
132.299
286.34
286.229
132.229
132.249
23848.2
132.24
132.197
132.22
132.189
132.199
286.26
24052.2
24190.4
24025.4
24447.6
403.131
23924.6
606.454
1112.93
533.728
23931.3
181.785
235.029
297.784
198.72
188.625
340.493
23972.4
24040.9
23923.8
568.597
23972.1
24451.5
244.777
531.576
24125.7
23950.2
161.982
225.176
252.654
350.694
236.894
212.42
382.105
24085.2
183.15
223.678
214.857
402.119
694.615
632.017
24100.9
24746.6
24072.3
24090.4
185.764
222.755
266.444
263.864
155.429
193.432
24206.3
182.706
23928.1
167.715
274.383
361.686
23982.9
357.913
214.635
242.114
223.38
302.129
249.593
350.429
257.353
698.805
223.59
23967.8
23956.3
24111.3
23895.6
24135.7
23929.1
23959.4
152.017
373.907
499.455
279.707
356.084
231.023
475.167
307.303
373.264
391.126
378.39
346.179
24163.7
427.099
394.607
401.25
24143.6
306.181
24035.3
464.873
364.346
479.789
24114.7
428.321
23979.2
23976.4
24074.6
198.151
23933.6
238.593
524.351
170.625
507.821
24014.6
263.531
188.784
447.124
23951.9
199.978
337.165
25625.8
201.927
24610.9
169.849
182.628
409.135
191.344
188.548
247.606
205.591
211.276
154.869
191.797
541.505
222.592
24412.7
189.038
349.452
375.733
673.147
403.704
24055.8
219.292
279.998
248.091
1364.84
515.239
24278.4
24035.3
24210.6
23961
306.84
164.446
23961.2
24000.3
24074.8
239.215
305.433
447.597
324.677
24130.2
506.378
533.468
485.685
353.023
501.154
25850.1
24367.1
745.458
369.479
482.259
391.385
23933.9
470.445
24563
177.165
24050.6
237.549
181.796
185.098
387.546
348.868
439.875
24049.7
306.385
286.722
326.354
24636
392.665
371.023
24271.4
341.73
288.61
303.97
263.457
340.453
24187.8
23944.4
24136.7
23977.6
542.232
594.452
23997.6
168.256
24529.8
24097.1
449.737
369.944
254.514
155.116
227.169
23989.2
23950.3
169.974
24136.1
23964.4
205.897
176.921
1297.88
24156.4
202.858
296.151
161.152
148.538
211.012
194.4
326.029
205.726
288.756
353.359
377.461
248.773
230.68
321.654
311.399
25063.1
26820.6
378.878
332.438
314.438
26554.7
456.086
395.717
318.414
304.509
263.51
23960.1
24057.2
24506.6
23939.4
373.876
195.981
142.633
485.476
24028.6
533.007
23896.7
23962
24001.4
162.723
239.566
280.644
403.051
243.724
23875.7
23968.5
176.992
194.566
212.956
23998.9
323.215
298.015
23943
618.056
24426.4
337.886
23943.4
403.133
388.49
357.253
25317.1
24404.3
24275
349.512
24314.2
25373.3
192.816
24052.1
23992.2
239.942
206.478
289.958
346.743
190.934
335.899
192.587
23997.9
23908.4
138.793
797.944
24080.8
536.96
190.275
151.45
329.724
24006.1
585.613
234.416
252.877
411.238
342.848
155.165
383.255
576.997
198.459
395.422
375.069
186.44
274.979
192.692
403.196
198.056
190.761
23897.9
305.76
23924.1
212.56
249.043
231.508
291.222
169.405
340.723
449.944
24119.8
423.687
160.916
23906
23921
549.519
453.254
173.826
247.75
187.248
296.422
357.797
354.667
197.592
275.505
23925.4
24051.2
249.858
24064.1
342.287
257.058
282.693
321.783
315.757
361.018
390.799
24483.3
396.491
438.381
387.566
430.346
25612.1
432.912
376.834
24415.5
24423.5
341.887
672.256
24294.6
23991.7
411.72
24037.7
304.267
24064.8
23889.8
23867.7
24089.3
23877
148.515
736.345
153.731
347.496
23909.5
380.324
471.166
223.302
248.135
257.948
233.244
232.839
24002.8
397.606
226.853
799.079
184.128
215.337
24621.4
212.944
23944.2
216.291
256.686
24692.2
231.283
366.651
399.926
25641.4
208.921
276.435
26520.1
347.814
256.541
25703.8
324.995
25107.7
260.442
279.472
275.728
24163.1
24474.5
24013.9
185.986
245.118
170.597
329.797
342.817
176.904
208.895
178.924
238.589
195.414
23974.3
185.172
180.804
395.506
534.044
268.635
24008.9
234.011
309.041
24027.4
211.149
24015.9
178.287
24528.3
23893.5
351.153
205.606
23924.6
390.222
24062.6
227.755
145.597
255.409
184.394
177.162
275.053
150.534
24353.8
228.94
500.906
23997.3
23864.7
24159.7
24013.2
24086.2
24062.2
514.123
245.939
159.964
246.048
211.644
198.429
482.742
177.688
203.491
178.603
565.253
333.222
219.486
376.991
24182.7
174.732
171.097
227.145
223.763
24377
23925.9
184.251
707.348
216.585
186.66
209.889
354.625
406.73
23947.8
23918.6
194.73
23931.7
23982
23907.2
317.3
341.341
24367.1
23883.2
171.92
151.076
199.896
176.703
139.141
24046.1
140.171
193.293
156.801
174.464
24011.1
345.471
290.92
337.79
24008
140.273
24010.3
302.304
23914.8
302.089
136.55
144.084
142.929
291.335
306.239
23882.9
23863
24025.2
292.883
287.556
23852.8
298.285
23853.7
141.775
23851.6
289.862
23851.4
23860.4
23862.9
299.68
136.475
287.298
23852.6
287.949
24003.8
132.854
23851.3
286.65
286.65
23849.4
133.021
290.578
133.955
134.185
23850.3
133.557
132.844
286.999
134.675
287.665
23848.3
133.281
287.189
24002.3
132.611
23850.9
24002.7
23848.7
132.317
286.793
23849.2
132.439
132.579
132.353
286.593
132.441
132.373
132.299
23848.3
286.266
132.285
23848.4
132.308
23848.3
132.313
23848.4
286.244
23848.2
132.184
132.287
132.241
132.193
286.25
132.195
23964
23968.5
24567.2
24061.2
23987.5
220.131
259.215
329.232
417.776
24391.8
24085.4
25726.9
206.247
448.331
676.618
23958
1289.44
342.001
132.29
182.086
374.938
336.222
23915.3
367.376
23940.3
509.57
363.285
149.913
371.262
24113.9
224.033
256.355
244.251
194.428
253.101
786.069
355.14
371.258
322.354
363.125
528.525
23959.1
198.938
437.467
24581.8
24142.6
24022.5
24084.1
346.935
24212.5
23942.3
149.071
24119.6
213.535
218.015
157.954
158.146
23923.8
184.392
24106.8
243.528
24107.2
361.027
282.711
23946.2
24038.5
178.613
1054.98
368.492
24154.6
156.317
23982.3
223.331
24048
303.171
212.355
23933.5
332.564
352.384
329.089
357.47
451.572
338.309
196.781
588.95
280.584
263.378
238.04
303.071
219.726
24106.1
23887.9
536.179
252.879
203.151
24119.4
159.997
24049.9
24145.6
24066.5
23992.8
24223.3
24433.5
24033.7
173.111
182.58
434.86
24141.4
328.691
361.942
416.499
324.816
763.641
240.028
238.308
311.077
540.166
1207.5
24243.2
23898.9
218.671
24318.5
23902.4
24340.1
228.805
23986.5
320.631
178.496
24079.8
251.671
222.892
232.748
369.527
382.371
24152.9
357.943
300.414
190.767
324.291
584.572
171.47
23990.8
23926.5
963.275
24230.1
24687.1
23941
147.404
23980.6
23911.4
191.176
24148.1
241.192
191.772
264.588
25617.3
24191.9
267.563
270.893
26083.6
249.843
351.14
213.855
201.046
265.631
1145.87
315.419
24046
24361.3
24422.7
24204.4
23897.7
24169.6
176.023
24079.1
24081.6
362.496
459.662
152.62
24117.4
258.141
237.728
219.721
206.935
640.151
272.116
219.08
269.788
278.628
306.969
24054.1
24086.3
24584.3
23960.5
423.814
24109.6
23954.5
24062.6
23907.9
23881.3
24065.8
24196.7
23881
24081
24044.9
24105.9
24154.2
24493.1
169.927
23976.7
23922.9
204.915
23972.2
187.819
221.673
24385.2
307.454
192.223
23928
24895.5
157.673
201.108
24110.4
230.809
24091.9
391.189
23909.9
177.542
24146.5
338.192
182.221
201.274
262.298
24466.2
258.401
24939.4
296.931
366.711
312.186
24259.9
24187.7
328.077
24089.4
23963.1
137.156
24134.2
338.671
164.485
24083.5
23925.3
439.348
470.338
24019.4
329.731
23984.8
23882.9
211.993
264.669
205.898
219.141
462.836
279.61
279.012
198.826
546.812
24062.8
24056.2
24014.2
23966.7
193.83
269.112
24123.6
385.095
244.427
236.905
24214.7
394.689
257.044
367.667
252.115
289.524
302.847
259.889
220.974
455.987
421.833
232.825
321.744
497.712
319.144
24040.1
24281.8
619.118
187.267
24183.2
138.175
390.814
453.048
23962.3
634.653
24671.1
313.031
207.423
23980.1
24100.7
24228.8
234.834
244.777
167.508
461.83
199.546
191.988
23960
199.891
253.968
342.514
23988.8
24156.8
23971
23998.4
507.166
164.67
335.217
178.267
169.163
238.897
25026.1
203.372
193.599
546.9
199.045
778.782
24604.3
195.546
628.951
199.639
176.289
359.013
355.844
253.463
158.576
329.78
148.823
431.698
1389.87
431.034
184.912
163.493
278.09
437.895
281.599
300.165
304.912
349.226
345.032
286.376
442.226
722.996
305.583
451.743
293.97
323.907
24287.5
308.175
341.232
24575.5
24032.5
420.974
144.147
24215.5
494.223
190.149
23967.4
23962.1
217.106
23974.8
354.628
308.313
275.674
479.307
23956.4
184.931
257.242
362.118
212.99
23974.5
179.851
202.287
394.015
311.878
23956.1
23937
23955.8
335.014
331.345
23907.4
186.496
372.295
203.582
255.863
24043.1
24040.4
298.741
222.366
200.725
23891.6
24067.7
23971.6
23970.8
24086.2
199.327
389.831
296.135
269.216
276.039
322.4
207.486
24044.6
217.265
318.477
310.243
226.822
243.054
222.425
216.676
166.637
325.851
193.563
326.086
23980.7
191.689
202.956
256.559
187.879
24297
24141.3
210.125
177.065
232.995
359.773
456.339
415.329
177.767
185.981
183.994
175.932
231.956
278.811
215.562
24221.9
247.001
538.179
487.038
944.752
26225.6
23996.9
25001.4
195.683
200.406
226.072
238.542
26413.4
285.415
319.913
25759.7
136.975
175.066
23964.8
350.507
927.986
23967.5
363.656
231.365
294.01
393.928
235.45
289.939
164.384
206.94
24111
253.068
24046.8
335.596
23956.8
23930.5
277.385
400.723
176.292
186.733
685.979
672.916
24093.5
24058.8
23905.2
170.513
155.942
581.553
23942
415.141
203.296
208.039
24020.6
23995.3
194.752
212.568
163.115
23980.6
23898.9
141.74
234.443
227.642
427.65
394.875
24067.9
23919.3
24038.7
156.123
367.862
396.922
326.82
23900.7
334.291
316.639
23959.3
23894.9
23875.7
143.064
149.997
311.115
309.34
23895
137.04
136.761
306.342
134.789
324.155
23876.1
141.466
23868.2
23880.3
23875
308.251
23865.1
304.584
138.577
305.776
23864.7
133.681
307.366
134.197
137.122
133.384
138.406
135.311
133.958
23864.6
133.96
136.087
134.78
302.226
23865.9
302.639
133.231
133.534
132.569
133.035
132.595
132.567
132.467
133.138
132.377
302.098
132.211
301.566
132.388
132.531
132.251
132.536
23863.5
132.523
132.122
132.121
132.098
132.133
132.133
132.311
132.126
132.271
23863.7
23863.5
23863.5
24017.5
23863.6
132.049
132.054
156.088
349.981
658.768
384.371
423.146
229.432
347.846
24457.4
471.302
26086.3
500.978
430.989
25795
25338.1
585.284
24349.7
23955.5
23962.8
24162.4
189.956
406.406
558.391
224.336
368.926
23905.2
144.504
351.555
707.551
395.339
24071.9
332.579
24010.3
251.357
278.368
24072.7
196.133
414.902
24231.1
212.316
24158.1
23963.8
184.777
473.769
23981.2
234.592
24789.3
24309.9
175.128
24150.9
23996.8
24234.4
24010.3
164.962
593.829
201.265
24057.5
727.971
233.709
24115.5
24077.3
24231.3
23983.4
23929.9
712.034
23915.2
24881.3
23902.9
24057.8
317.115
228.769
23948.6
24125.3
23924.6
24118.6
506.883
24022.3
23876.2
154.241
23955.7
323.133
174.348
648.934
145.793
24010.9
453.596
174.257
24176.7
245.559
24014.1
24066.7
659.302
24077.5
145.726
170.101
343.453
24013.9
23939.7
23937.7
24051.1
347.346
24000
201.752
23984.1
203.334
335.972
412.003
233.792
310.053
24139.2
346.047
434.373
363.895
369.689
342.117
360.293
212.002
175.41
409.026
528.481
180.119
223.131
272.168
316.907
193.225
185.06
182.273
525.605
422.541
226.437
352.263
390.15
229.557
242.162
207.796
248.934
391.944
225.439
223.97
239.468
361.928
336.508
23970.4
156.758
24083.2
372.065
23933.4
24071.5
465.632
209.798
206.102
367.648
155.55
24218.7
211.079
24039.3
186.942
167.709
488.314
763.949
410.277
175.881
277.691
414.236
24681.5
24022.7
24003.8
23964.5
740.459
24122
428.959
23885.4
288.517
24037.4
24105.7
339.151
761.862
430.528
179.483
330.671
24193.1
24064.5
24045.7
24145.2
24055.9
23934.3
25048.6
24219.1
1156.13
237.199
24150.7
1316.66
23932.6
24133.8
23883.6
347.395
367.265
24038.2
23934.1
24000.5
24323.8
186.276
416.601
23893
523.3
552.809
24020.2
307.984
393.132
23902
275.16
184.765
216.67
487.167
23948.1
23887.2
23936.6
24148.6
320.599
23917.9
24630.6
504.034
23977.9
24056.9
24217.9
23908.3
24096.6
24074.5
23962.4
348.161
606.657
157.964
198.345
453.408
240.308
24153.3
234.474
24015.5
317.834
212.185
24216.7
455.934
534.924
24034
23947.4
24001.5
23945.8
23926.1
341.363
253.481
259.366
23994
251.163
237.337
24219.2
183.899
179.632
313.768
428.292
173.759
24708.9
344.819
24367.4
192.02
24160.6
393.767
354.588
406.205
24181.2
307.548
24229.1
157.423
355.794
456.134
211.673
24097.5
249.799
268.306
278.805
24075.9
24121.2
333.732
304.742
293.675
239.969
296.034
404.455
232.512
186.098
587.157
24557.1
23975.5
157.352
149.093
306.066
166.649
184.369
24108.3
23977.2
161.248
276.802
289.912
24918.9
186.508
206.036
26144.5
202.752
26847.7
26714.1
965.565
248.88
216.423
434.834
286.94
254.662
23935.1
343.408
24156.1
24350.5
310.686
23977
314.763
234.426
24511.3
23918.2
554.85
24704.4
151.293
194.057
24136.4
24147
341.029
311.37
23936.7
342.931
24109.5
24033.9
164.899
23920.2
322.394
171.419
571.319
23959.9
24083.8
253.199
281.687
197.9
24069.9
311.797
23913.3
23997.9
23917.3
24329.1
24055.6
141.752
924.689
483.631
24292.9
24487
180.364
220.511
180.166
224.486
190.443
200.006
144.647
143.632
318.857
244.3
156.233
24095.1
393.119
462.424
340.07
24169.8
205.701
221.621
204.425
212.857
308.986
251.929
302.899
347.503
313.233
314.14
264.816
255.236
224.611
208.622
208.103
23980.7
23927.1
332.948
314.708
606.084
23933.4
141.944
158.87
329.217
380.193
163.673
193.27
424.731
487.17
259.274
24102.7
201.363
217.058
412.859
281.748
193.233
175.875
361.908
488.733
23963.3
571.354
23882.3
542.114
152.7
524.618
298.572
170.371
247.187
23976.1
326.649
24170.1
242.739
431.09
382.538
250.258
409.555
24027.6
331.751
312.536
250.559
24588.8
25964
220.911
298.539
211.966
24072
23974.7
168.704
252.081
281.526
24052.2
23998.9
242.56
359.857
296.141
332.937
350.875
584.317
328.165
387.305
328.171
310.067
325.004
396.371
24172.8
437.312
347.56
261.804
24024.6
294.277
145.322
175.696
182.377
24143.3
205.352
24073.5
197.774
174.551
378.67
701.337
221.931
396.139
206.047
274.488
284.272
246.895
435.228
212.801
208.778
24364.7
373.855
196.053
252.157
390.109
417.996
532.429
542.446
200.341
24000.8
335.268
664.805
24075.2
151.438
363.168
23979
173.356
184.24
169.604
153.828
242.338
24011.9
182.44
146.624
192.846
24005.9
24137.5
390.408
189.98
160.775
23956.8
183.09
23879.7
23896.3
24075.7
23870.7
23878
23885.6
23899.1
143.029
23892.8
23881.4
319.71
152.472
149.74
148.639
137.868
23889.4
144.616
317.836
23883.2
23873.2
139.718
24028.2
23870.7
133.962
142.046
135.412
134.107
136.397
133.032
23878.6
302.722
132.518
309.884
23865.1
23863.8
132.942
23864.7
134.378
133.903
303.13
133.999
134.313
134.118
133.275
133.786
133.584
23864.3
23864.4
23863.6
302.031
132.481
23863.9
301.536
132.675
132.533
133.004
23864.1
302.009
23864
301.757
23863.6
23863.6
23863.5
301.481
23863.5
132.1
132.061
132.123
23863.6
301.728
132.115
132.182
132.083
132.046
132.162
23863.6
132.033
132.075
23863.6
301.563
