100
100
100
100
100
100
100
100
100
100
100
100
100
100
100
100
100
100
100
100
100
100
100
100
100
100
99.901
99.8021
99.7033
99.7033
99.7033
99.7033
99.7033
99.6046
99.506
99.506
99.4076
99.4076
99.4076
99.4076
99.4076
99.3092
99.2109
99.2109
99.2109
99.1126
99.0145
98.9165
98.8186
98.8186
98.7208
98.7208
98.7208
98.6231
98.5255
98.4279
98.3305
98.3305
98.2332
98.1359
98.1359
98.0388
97.9417
97.9417
97.8448
97.8448
97.7479
97.7479
97.6512
97.5545
97.5545
97.458
97.3615
97.3615
97.2651
97.2651
97.2651
97.1688
97.0727
97.0727
97.0727
97.0727
96.9766
96.8806
96.8806
96.7847
96.7847
96.6889
96.6889
96.6889
96.6889
96.6889
96.6889
96.5932
96.4976
96.402
96.3066
96.2113
96.116
96.116
96.116
96.116
96.116
96.0209
96.0209
95.9259
95.9259
95.8309
95.8309
95.736
95.6413
95.6413
95.6413
95.5466
95.452
95.3575
95.2632
95.2632
95.1689
95.0747
95.0747
94.9805
94.8865
94.7926
94.7926
94.6988
94.6988
94.605
94.605
94.605
94.605
94.605
94.605
94.5114
94.4178
94.4178
94.3244
94.231
94.1377
94.1377
94.0445
93.9515
93.9515
93.8585
93.8585
93.8585
93.7655
93.6727
93.6727
93.6727
93.58
93.58
93.58
93.58
93.58
93.4874
93.3948
93.3024
93.3024
93.21
93.21
93.21
93.21
93.21
93.21
93.21
93.1178
93.1178
93.1178
93.0256
93.0256
93.0256
93.0256
93.0256
92.9335
92.8415
92.8415
92.7496
92.6578
92.5661
92.4745
92.3829
92.2915
92.2001
92.1089
92.0177
91.9266
91.9266
91.9266
91.9266
91.8356
91.7447
91.7447
91.6539
91.5632
91.4725
91.382
91.2915
91.2012
91.2012
91.2012
91.2012
91.1109
91.1109
91.1109
91.1109
91.1109
91.0207
90.9306
90.8406
90.7507
90.6609
90.6609
90.6609
90.5711
90.5711
90.5711
90.4815
90.3919
90.3919
90.3024
90.3024
90.213
90.1237
90.1237
90.1237
90.1237
90.1237
90.1237
90.1237
90.1237
90.0345
89.9454
89.8564
89.8564
89.7674
89.7674
89.6786
89.6786
89.6786
89.6786
89.5898
89.5011
89.4125
89.324
89.2356
89.1473
89.059
88.9709
88.8828
88.8828
88.8828
88.8828
88.8828
88.8828
88.7948
88.7948
88.7948
88.7069
88.7069
88.7069
88.7069
88.7069
88.6191
88.6191
88.5314
88.5314
88.5314
88.4438
88.3562
88.3562
88.3562
88.2688
88.1814
88.1814
88.0941
88.0069
87.9198
87.8328
87.7458
87.659
87.5722
87.5722
87.5722
87.5722
87.4855
87.3989
87.3124
87.226
87.226
87.1396
87.0534
87.0534
86.9672
86.9672
86.9672
86.8811
86.7951
86.7951
86.7092
86.6234
86.6234
86.6234
86.5376
86.452
86.3664
86.2809
86.1955
86.1955
86.1955
86.1955
86.1955
86.1955
86.1102
86.0249
86.0249
86.0249
85.9398
85.9398
85.9398
85.8547
85.8547
85.7697
85.7697
85.7697
85.7697
85.7697
85.7697
85.7697
85.6848
85.6848
85.6848
85.6
85.6
85.5153
85.5153
85.4306
85.4306
85.4306
85.3461
85.2616
85.1772
85.1772
85.1772
85.1772
85.1772
85.1772
85.1772
85.0929
85.0086
85.0086
84.9245
84.8404
84.8404
84.8404
84.7565
84.7565
84.6726
84.5887
84.5887
84.505
84.505
84.4214
84.3378
84.3378
84.2543
84.1709
84.0876
84.0876
84.0876
84.0044
84.0044
84.0044
83.9212
83.9212
83.8381
83.8381
83.8381
83.7552
83.6723
83.6723
83.5894
83.5067
83.424
83.424
83.3414
83.259
83.1765
83.0942
83.012
82.9298
82.8477
82.7657
82.7657
82.7657
82.6838
82.6019
82.6019
82.6019
82.6019
82.6019
82.6019
82.6019
82.6019
82.6019
82.5202
82.4385
82.3569
82.2753
82.2753
82.1939
82.1125
82.0313
81.9501
81.9501
81.8689
81.8689
81.8689
81.8689
81.7879
81.7069
81.7069
81.7069
81.7069
81.7069
81.7069
81.7069
81.7069
81.7069
81.6261
81.5453
81.5453
81.4646
81.3839
81.3839
81.3839
81.3839
81.3034
81.2229
81.2229
81.1425
81.1425
81.1425
81.0622
80.9819
80.9018
80.8217
80.7417
80.7417
80.7417
80.6618
80.5819
80.5021
80.5021
80.4225
80.3429
80.3429
80.2633
80.2633
80.1839
80.1839
80.1045
80.0252
80.0252
80.0252
79.946
79.946
79.946
79.946
79.946
79.8669
79.7878
79.7088
79.6299
79.6299
79.5511
79.5511
79.4724
79.3937
79.3937
79.3151
79.3151
79.2366
79.2366
79.2366
79.2366
79.2366
79.2366
79.1582
79.1582
79.0798
79.0015
79.0015
78.9233
78.8452
78.8452
78.7672
78.6892
78.6892
78.6113
78.5335
75.4833
73.5645
70.4975
67.7594
65.1276
61.8586
58.9868
57.0337
54.5478
52.1185
50.1439
48.4836
47.2043
45.551
43.9992
42.3322
40.5673
38.7607
37.4031
36.2363
34.76
33.1463
31.7644
31.0491
29.8431
28.4859
27.3795
26.3161
25.4195
24.921
23.9768
22.8185
21.9757
20.8107
20.2215
19.0172
18.424
17.5687
16.9198
16.3434
15.5846
14.8024
14.1712
13.6478
13.1047
12.5211
12.0229
11.7405
11.363
10.7927
10.3735
9.941
9.46073
9.15654
8.82709
8.45071
8.03448
7.60855
7.21235
6.87752
6.58426
6.25996
5.95164
5.70916
5.4065
5.13513
4.89673
4.67403
4.47916
4.26699
4.1094
3.98121
3.78887
3.56676
3.37433
3.19229
3.03205
2.81779
2.63167
2.47985
2.40249
2.30918
2.1911
2.08112
1.99633
1.92832
1.8388
1.74305
1.62953
1.56624
1.49501
1.43552
1.3784
1.30533
100
100
99.901
99.901
99.901
99.8021
99.8021
99.8021
99.8021
99.8021
99.7033
99.6046
99.6046
99.6046
99.506
99.506
99.506
99.506
99.506
99.506
99.4076
99.4076
99.4076
99.3092
99.3092
99.3092
99.3092
99.2109
99.1126
99.1126
99.1126
99.1126
99.1126
99.0145
98.9165
98.9165
98.8186
98.8186
98.8186
98.8186
98.8186
98.8186
98.8186
98.8186
98.8186
98.8186
98.8186
98.8186
98.8186
98.8186
98.8186
98.8186
98.8186
98.8186
98.8186
98.8186
98.8186
98.8186
98.8186
98.7208
98.6231
98.6231
98.6231
98.6231
98.6231
98.6231
98.5255
98.5255
98.5255
98.5255
98.5255
98.4279
98.4279
98.3305
98.3305
98.2332
98.2332
98.2332
98.1359
98.1359
98.1359
98.1359
98.0388
97.9417
97.9417
97.8448
97.8448
97.8448
97.7479
97.6512
97.5545
97.458
97.3615
97.2651
97.2651
97.2651
97.1688
97.1688
97.1688
97.1688
97.1688
97.0727
97.0727
96.9766
96.8806
96.8806
96.7847
96.6889
96.6889
96.6889
96.5932
96.4976
96.4976
96.4976
96.4976
96.4976
96.4976
96.4976
96.4976
96.4976
96.4976
96.4976
96.4976
96.4976
96.402
96.402
96.402
96.3066
96.3066
96.3066
96.3066
96.3066
96.3066
96.3066
96.3066
96.3066
96.3066
96.3066
96.3066
96.3066
96.3066
96.3066
96.3066
96.3066
96.2113
96.116
96.116
96.0209
96.0209
96.0209
95.9259
95.9259
95.9259
95.8309
95.8309
95.8309
95.736
95.6413
95.5466
95.5466
95.452
95.452
95.452
95.3575
95.2632
95.2632
95.2632
95.2632
95.2632
95.2632
95.2632
95.2632
95.2632
95.1689
95.1689
95.1689
95.1689
95.0747
94.9805
94.8865
94.8865
94.7926
94.6988
94.6988
94.605
94.605
94.605
94.5114
94.4178
94.3244
94.3244
94.3244
94.3244
94.3244
94.3244
94.3244
94.3244
94.3244
94.3244
94.3244
94.3244
94.3244
94.3244
94.3244
94.3244
94.3244
94.3244
94.3244
94.3244
94.231
94.231
94.1377
94.1377
94.1377
94.1377
94.1377
94.1377
94.0445
93.9515
93.8585
93.7655
93.7655
93.6727
93.58
93.4874
93.3948
93.3024
93.21
93.1178
93.1178
93.1178
93.0256
92.9335
92.9335
92.9335
92.9335
92.9335
92.8415
92.8415
92.7496
92.7496
92.7496
92.7496
92.7496
92.7496
92.7496
92.7496
92.7496
92.6578
92.6578
92.6578
92.5661
92.4745
92.4745
92.3829
92.3829
92.2915
92.2001
92.1089
92.0177
92.0177
91.9266
91.8356
91.8356
91.8356
91.8356
91.8356
91.8356
91.8356
91.8356
91.8356
91.8356
91.8356
91.8356
91.8356
91.8356
91.8356
91.8356
91.8356
91.8356
91.8356
91.8356
91.8356
91.8356
91.8356
91.8356
91.8356
91.8356
91.8356
91.8356
91.8356
91.8356
91.8356
91.8356
91.8356
91.8356
91.7447
91.7447
91.7447
91.7447
91.7447
91.7447
91.7447
91.6539
91.5632
91.4725
91.382
91.2915
91.2915
91.2915
91.2915
91.2915
91.2915
91.2915
91.2012
91.2012
91.2012
91.2012
91.2012
91.2012
91.2012
91.2012
91.2012
91.2012
91.1109
91.1109
91.1109
91.1109
91.1109
91.1109
91.1109
91.0207
91.0207
91.0207
91.0207
90.9306
90.9306
90.9306
90.8406
90.7507
90.7507
90.7507
90.7507
90.7507
90.7507
90.7507
90.7507
90.7507
90.7507
90.6609
90.6609
90.5711
90.5711
90.4815
90.3919
90.3024
90.213
90.1237
90.0345
90.0345
90.0345
90.0345
89.9454
89.8564
89.8564
89.8564
89.8564
89.8564
89.8564
89.8564
89.8564
89.7674
89.6786
89.5898
89.5898
89.5011
89.4125
89.324
89.2356
89.1473
89.059
89.059
88.9709
88.8828
88.7948
88.7069
88.6191
88.6191
88.5314
88.4438
88.4438
88.4438
88.3562
88.3562
88.3562
88.3562
88.3562
88.2688
88.2688
88.2688
88.2688
88.2688
88.2688
88.2688
88.2688
88.1814
88.0941
88.0069
87.9198
87.9198
87.8328
87.7458
87.659
87.659
87.659
87.659
87.659
87.659
87.659
87.659
87.659
87.5722
87.5722
87.4855
87.3989
87.3124
87.226
87.226
87.1396
87.1396
87.0534
86.9672
86.9672
86.9672
86.8811
86.7951
86.7092
86.6234
86.5376
86.5376
86.452
86.452
86.452
86.3664
86.3664
86.2809
86.1955
86.1955
86.1955
86.1955
86.1955
86.1955
86.1955
86.1955
86.1955
86.1955
86.1102
86.0249
85.9398
85.9398
85.9398
85.9398
85.8547
85.8547
85.8547
85.8547
85.8547
85.8547
85.7697
85.6848
85.6848
85.6
85.5153
85.4306
85.3461
85.2616
85.1772
85.1772
85.0929
85.0086
84.9245
84.8404
84.7565
84.7565
84.6726
84.5887
84.505
84.4214
84.4214
84.3378
84.3378
84.3378
84.3378
84.3378
84.3378
84.3378
84.2543
84.2543
84.2543
84.2543
84.1709
82.3569
79.0798
76.1591
72.9117
70.0798
67.5584
64.4858
62.5362
60.1073
57.83
56.4158
53.9033
51.9639
50.4428
48.2441
46.9247
45.0575
43.2646
41.1744
39.6145
38.0758
37.2184
35.986
35.1408
34.4857
33.4431
32.0488
31.1414
29.7251
28.684
27.9272
27.0828
26.031
25.0447
24.5292
23.5532
22.7733
22.2384
21.4171
20.5038
19.8053
18.9233
17.867
17.2583
16.6703
15.6465
14.9497
14.2557
13.77
13.209
12.6332
12.1185
11.6133
11.3518
10.782
10.3018
9.76536
9.15654
8.75743
8.45071
8.01858
7.71478
7.4372
7.1342
6.83
6.55174
6.27237
5.85807
5.61385
5.44411
5.26385
5.0494
4.84848
4.64634
4.42625
4.26699
4.08505
3.91087
3.67432
3.43502
3.31471
3.18597
3.07438
2.94621
2.83739
2.75433
2.61608
2.49463
2.35538
2.25271
2.12907
2.00823
1.93789
1.82972
100
100
100
99.901
99.8021
99.8021
99.7033
99.6046
99.506
99.506
99.4076
99.4076
99.3092
99.3092
99.2109
99.1126
99.1126
99.1126
99.1126
99.1126
99.1126
99.0145
98.9165
98.8186
98.7208
98.6231
98.6231
98.5255
98.4279
98.3305
98.2332
98.2332
98.1359
98.1359
98.0388
98.0388
97.9417
97.8448
97.7479
97.7479
97.7479
97.7479
97.7479
97.7479
97.7479
97.6512
97.6512
97.6512
97.5545
97.458
97.458
97.3615
97.2651
97.2651
97.1688
97.0727
96.9766
96.9766
96.9766
96.9766
96.9766
96.9766
96.8806
96.8806
96.8806
96.8806
96.8806
96.8806
96.8806
96.8806
96.8806
96.8806
96.8806
96.8806
96.8806
96.8806
96.8806
96.8806
96.8806
96.7847
96.6889
96.5932
96.5932
96.5932
96.4976
96.4976
96.4976
96.4976
96.4976
96.4976
96.402
96.3066
96.3066
96.3066
96.2113
96.2113
96.2113
96.2113
96.116
96.116
96.116
96.116
96.116
96.116
96.116
96.116
96.116
96.0209
95.9259
95.8309
95.8309
95.736
95.6413
95.5466
95.452
95.452
95.452
95.452
95.452
95.452
95.452
95.452
95.452
95.452
95.452
95.452
95.452
95.452
95.452
95.452
95.452
95.452
95.452
95.452
95.452
95.452
95.452
95.452
95.452
95.452
95.452
95.3575
95.2632
95.1689
95.1689
95.1689
95.1689
95.1689
95.1689
95.0747
94.9805
94.9805
94.8865
94.8865
94.7926
94.6988
94.605
94.5114
94.4178
94.3244
94.3244
94.231
94.231
94.1377
94.0445
94.0445
94.0445
94.0445
94.0445
94.0445
94.0445
94.0445
94.0445
94.0445
94.0445
94.0445
94.0445
93.9515
93.8585
93.8585
93.7655
93.7655
93.7655
93.7655
93.7655
93.7655
93.7655
93.7655
93.7655
93.7655
93.6727
93.58
93.58
93.58
93.4874
93.4874
93.4874
93.3948
93.3948
93.3024
93.3024
93.3024
93.3024
93.3024
93.21
93.1178
93.0256
93.0256
92.9335
92.9335
92.8415
92.8415
92.8415
92.8415
92.7496
92.7496
92.7496
92.7496
92.6578
92.5661
92.4745
92.4745
92.3829
92.2915
92.2001
92.1089
92.0177
91.9266
91.9266
91.9266
91.9266
91.9266
91.9266
91.9266
91.9266
91.8356
91.8356
91.8356
91.8356
91.8356
91.8356
91.8356
91.8356
91.8356
91.8356
91.8356
91.8356
91.8356
91.8356
91.8356
91.8356
91.8356
91.8356
91.7447
91.6539
91.5632
91.5632
91.5632
91.5632
91.4725
91.382
91.382
91.2915
91.2012
91.1109
91.0207
90.9306
90.9306
90.9306
90.9306
90.8406
90.8406
90.8406
90.7507
90.7507
90.7507
90.7507
90.7507
90.7507
90.7507
90.7507
90.6609
90.6609
90.5711
90.5711
90.4815
90.3919
90.3024
90.3024
90.213
90.213
90.213
90.213
90.1237
90.0345
90.0345
90.0345
89.9454
89.8564
89.7674
89.7674
89.6786
89.6786
89.6786
89.5898
89.5011
89.5011
89.5011
89.4125
89.4125
89.324
89.324
89.324
89.324
89.324
89.324
89.324
89.324
89.324
89.324
89.324
89.2356
89.2356
89.2356
89.1473
89.059
89.059
89.059
89.059
89.059
88.9709
88.8828
88.7948
88.7069
88.6191
88.6191
88.5314
88.5314
88.5314
88.5314
88.5314
88.5314
88.5314
88.5314
88.5314
88.5314
88.5314
88.4438
88.4438
88.4438
88.4438
88.4438
88.4438
88.4438
88.4438
88.4438
88.3562
88.2688
88.1814
88.0941
88.0069
87.9198
87.9198
87.8328
87.8328
87.8328
87.8328
87.8328
87.8328
87.8328
87.8328
87.8328
87.8328
87.8328
87.8328
87.7458
87.659
87.5722
87.5722
87.5722
87.5722
87.4855
87.3989
87.3124
87.226
87.226
87.226
87.226
87.226
87.226
87.226
87.226
87.226
87.1396
87.1396
87.1396
87.0534
87.0534
87.0534
86.9672
86.9672
86.9672
86.8811
86.7951
86.7092
86.7092
86.7092
86.7092
86.6234
86.6234
86.6234
86.5376
86.5376
86.5376
86.452
86.452
86.452
86.452
86.452
86.3664
86.3664
86.2809
86.1955
86.1955
86.1102
86.0249
86.0249
86.0249
85.9398
85.9398
85.9398
85.8547
85.8547
85.7697
85.6848
85.6
85.6
85.6
85.5153
85.4306
85.4306
85.4306
85.4306
85.4306
85.4306
85.4306
85.4306
85.4306
85.4306
85.4306
85.3461
85.3461
85.2616
85.1772
85.0929
85.0929
85.0929
85.0929
85.0929
85.0929
85.0086
85.0086
85.0086
84.9245
84.9245
84.9245
84.9245
84.9245
84.9245
84.8404
84.8404
84.7565
84.7565
84.7565
84.7565
84.6726
84.6726
84.6726
84.6726
84.6726
84.6726
84.6726
84.6726
84.6726
84.5887
84.505
84.505
84.505
84.4214
84.4214
84.4214
84.4214
84.4214
84.4214
84.4214
84.4214
84.4214
84.4214
84.4214
84.4214
84.4214
82.2753
78.9233
76.2345
73.2736
71.0582
69.3892
65.7758
63.6609
61.4921
59.5739
57.2601
55.0907
52.7416
50.2931
48.1963
46.4623
44.8794
42.9657
41.2561
39.8111
38.1513
37.1815
35.9148
34.5199
32.9499
31.8274
30.6822
29.7841
28.9408
27.9272
27.1097
26.031
25.1192
24.1915
23.4368
22.2164
21.1013
20.5648
19.6296
18.7554
17.9913
17.621
17.0713
16.3758
15.8022
15.1134
14.8464
14.3122
13.7156
13.1047
12.6583
12.1426
11.5103
10.857
10.3222
9.82355
9.42333
8.99476
8.6283
8.35915
7.9317
7.51867
7.22665
7.00815
6.7627
6.50004
6.17989
5.88133
5.63613
5.26385
5.0946
4.85809
4.69258
4.4703
4.23751
4.08101
3.91862
3.6889
3.57737
3.38437
3.21768
3.05012
2.87416
2.74073
2.6526
2.5095
2.393
2.25048
2.15879
2.07084
1.94751
1.84793
1.7517
1.67203
100
100
100
100
100
100
100
100
100
100
100
99.901
99.8021
99.8021
99.7033
99.6046
99.6046
99.6046
99.6046
99.6046
99.6046
99.6046
99.6046
99.6046
99.6046
99.6046
99.6046
99.506
99.4076
99.3092
99.3092
99.2109
99.1126
99.0145
99.0145
98.9165
98.8186
98.7208
98.6231
98.6231
98.5255
98.5255
98.5255
98.5255
98.5255
98.4279
98.4279
98.4279
98.4279
98.3305
98.3305
98.3305
98.3305
98.3305
98.2332
98.1359
98.1359
98.1359
98.0388
97.9417
97.8448
97.7479
97.7479
97.6512
97.6512
97.5545
97.5545
97.5545
97.5545
97.5545
97.5545
97.5545
97.5545
97.5545
97.5545
97.458
97.3615
97.3615
97.2651
97.2651
97.1688
97.1688
97.1688
97.0727
96.9766
96.8806
96.7847
96.7847
96.7847
96.6889
96.5932
96.5932
96.5932
96.5932
96.5932
96.5932
96.5932
96.5932
96.5932
96.5932
96.5932
96.5932
96.4976
96.4976
96.4976
96.4976
96.402
96.402
96.402
96.3066
96.2113
96.2113
96.2113
96.116
96.0209
96.0209
96.0209
96.0209
95.9259
95.8309
95.8309
95.736
95.6413
95.6413
95.5466
95.452
95.3575
95.3575
95.3575
95.2632
95.2632
95.1689
95.1689
95.1689
95.1689
95.1689
95.1689
95.0747
95.0747
94.9805
94.9805
94.8865
94.8865
94.8865
94.8865
94.8865
94.7926
94.6988
94.6988
94.6988
94.6988
94.605
94.5114
94.5114
94.4178
94.4178
94.4178
94.4178
94.4178
94.4178
94.4178
94.4178
94.4178
94.4178
94.4178
94.4178
94.3244
94.3244
94.231
94.231
94.1377
94.1377
94.1377
94.0445
93.9515
93.9515
93.9515
93.9515
93.9515
93.8585
93.7655
93.6727
93.6727
93.6727
93.58
93.58
93.4874
93.3948
93.3024
93.21
93.1178
93.1178
93.1178
93.1178
93.1178
93.1178
93.1178
93.1178
93.0256
93.0256
93.0256
93.0256
93.0256
93.0256
92.9335
92.9335
92.9335
92.9335
92.8415
92.8415
92.8415
92.7496
92.6578
92.6578
92.6578
92.5661
92.5661
92.5661
92.4745
92.3829
92.2915
92.2915
92.2001
92.1089
92.1089
92.1089
92.0177
91.9266
91.9266
91.8356
91.8356
91.8356
91.8356
91.8356
91.7447
91.7447
91.6539
91.5632
91.4725
91.382
91.2915
91.2915
91.2915
91.2915
91.2915
91.2915
91.2012
91.1109
91.1109
91.1109
91.1109
91.1109
91.1109
91.1109
91.1109
91.0207
91.0207
91.0207
90.9306
90.9306
90.9306
90.8406
90.7507
90.6609
90.6609
90.5711
90.5711
90.5711
90.5711
90.5711
90.4815
90.4815
90.4815
90.3919
90.3024
90.3024
90.3024
90.3024
90.213
90.213
90.213
90.1237
90.1237
90.1237
90.0345
89.9454
89.9454
89.8564
89.7674
89.7674
89.6786
89.6786
89.6786
89.5898
89.5898
89.5898
89.5898
89.5898
89.5011
89.5011
89.5011
89.5011
89.5011
89.5011
89.5011
89.5011
89.4125
89.324
89.324
89.2356
89.2356
89.2356
89.1473
89.1473
89.059
89.059
88.9709
88.8828
88.8828
88.8828
88.8828
88.7948
88.7069
88.6191
88.6191
88.5314
88.4438
88.4438
88.4438
88.3562
88.2688
88.2688
88.2688
88.2688
88.2688
88.1814
88.0941
88.0069
88.0069
88.0069
88.0069
87.9198
87.9198
87.9198
87.9198
87.8328
87.8328
87.8328
87.7458
87.659
87.659
87.5722
87.4855
87.4855
87.4855
87.3989
87.3124
87.226
87.1396
87.1396
87.0534
86.9672
86.9672
86.9672
86.8811
86.8811
86.8811
86.8811
86.8811
86.8811
86.7951
86.7951
86.7951
86.7951
86.7951
86.7951
86.7092
86.7092
86.6234
86.6234
86.6234
86.6234
86.6234
86.5376
86.452
86.3664
86.2809
86.1955
86.1955
86.1955
86.1102
86.1102
86.0249
85.9398
85.9398
85.8547
85.8547
85.7697
85.7697
85.7697
85.6848
85.6848
85.6848
85.6848
85.6
85.6
85.6
85.5153
85.4306
85.4306
85.3461
85.3461
85.2616
85.1772
85.0929
85.0929
85.0929
85.0929
85.0086
85.0086
84.9245
84.9245
84.9245
84.8404
84.7565
84.6726
84.5887
84.505
84.505
84.4214
84.3378
84.3378
84.3378
84.2543
84.2543
84.1709
84.1709
84.1709
84.0876
84.0876
84.0044
84.0044
84.0044
84.0044
84.0044
84.0044
84.0044
84.0044
84.0044
83.9212
83.8381
83.7552
83.6723
83.6723
83.5894
83.5894
83.5894
83.5894
83.5894
83.5894
83.5894
83.5894
83.5894
83.5894
83.5894
83.5067
83.424
83.424
83.3414
83.259
83.259
83.1765
83.0942
83.012
83.012
83.012
83.012
83.012
83.012
82.9298
82.8477
82.7657
82.6838
82.6838
82.6838
82.6019
82.6019
82.6019
82.5202
82.5202
82.4385
82.4385
82.4385
82.4385
82.4385
82.4385
82.4385
82.4385
82.4385
82.3569
82.3569
79.6299
78.1456
75.4086
72.8395
70.1493
67.6923
65.0632
62.2273
60.1073
57.9446
55.9706
54.2783
52.7416
51.35
50.0447
47.816
46.05
44.6577
42.8807
41.502
40.3669
39.4188
38.0005
36.7423
35.5961
34.3834
33.212
32.2079
31.0798
29.8136
28.9122
28.2891
27.1634
26.3422
25.294
24.4807
23.4368
22.4597
21.3535
20.626
19.9628
19.3785
18.5155
17.7435
17.2583
16.8196
16.1503
15.6155
14.817
14.2416
13.7973
13.1307
12.484
11.9517
11.6825
11.1733
10.8248
10.2814
9.941
9.49828
9.14748
8.80962
8.40064
8.13859
7.76076
7.50379
7.12714
6.92536
6.67619
6.4936
6.16155
5.89883
5.59165
5.27952
4.94057
4.73929
4.5507
4.27969
4.06085
3.8877
3.69621
3.52462
3.41805
3.29181
3.16396
3.00812
2.86847
2.72449
2.59544
2.47005
2.31605
2.17597
2.0647
1.93406
100
100
100
100
100
100
99.901
99.8021
99.8021
99.8021
99.8021
99.8021
99.8021
99.7033
99.6046
99.6046
99.6046
99.6046
99.6046
99.506
99.4076
99.4076
99.3092
99.3092
99.3092
99.3092
99.2109
99.1126
99.0145
99.0145
99.0145
98.9165
98.8186
98.7208
98.6231
98.5255
98.5255
98.4279
98.3305
98.2332
98.1359
98.1359
98.1359
98.1359
98.1359
98.1359
98.1359
98.1359
98.1359
98.1359
98.1359
98.1359
98.1359
98.1359
98.1359
98.0388
97.9417
97.8448
97.8448
97.7479
97.7479
97.6512
97.6512
97.6512
97.5545
97.5545
97.5545
97.458
97.458
97.3615
97.3615
97.2651
97.2651
97.1688
97.1688
97.1688
97.0727
97.0727
96.9766
96.8806
96.7847
96.6889
96.6889
96.5932
96.4976
96.4976
96.402
96.3066
96.2113
96.2113
96.116
96.116
96.116
96.116
96.116
96.116
96.116
96.116
96.116
96.116
96.116
96.116
96.116
96.116
96.116
96.0209
95.9259
95.9259
95.9259
95.8309
95.736
95.736
95.6413
95.6413
95.5466
95.452
95.452
95.452
95.452
95.452
95.452
95.452
95.452
95.452
95.452
95.3575
95.3575
95.3575
95.2632
95.2632
95.1689
95.0747
94.9805
94.9805
94.8865
94.8865
94.7926
94.6988
94.605
94.605
94.605
94.605
94.605
94.605
94.605
94.605
94.605
94.605
94.5114
94.5114
94.5114
94.4178
94.4178
94.4178
94.3244
94.3244
94.3244
94.3244
94.231
94.1377
94.1377
94.0445
93.9515
93.8585
93.7655
93.6727
93.6727
93.6727
93.6727
93.6727
93.6727
93.6727
93.6727
93.6727
93.58
93.58
93.58
93.58
93.58
93.4874
93.4874
93.3948
93.3024
93.21
93.1178
93.1178
93.1178
93.0256
92.9335
92.8415
92.7496
92.7496
92.7496
92.7496
92.7496
92.7496
92.7496
92.7496
92.7496
92.7496
92.7496
92.7496
92.7496
92.7496
92.7496
92.7496
92.7496
92.7496
92.7496
92.6578
92.6578
92.6578
92.5661
92.5661
92.4745
92.3829
92.3829
92.3829
92.3829
92.3829
92.3829
92.2915
92.2915
92.2915
92.2915
92.2915
92.2915
92.2915
92.2001
92.2001
92.2001
92.1089
92.1089
92.0177
92.0177
91.9266
91.9266
91.8356
91.7447
91.6539
91.6539
91.6539
91.6539
91.6539
91.6539
91.5632
91.5632
91.5632
91.4725
91.4725
91.4725
91.4725
91.4725
91.4725
91.4725
91.4725
91.4725
91.382
91.382
91.2915
91.2012
91.2012
91.2012
91.1109
91.0207
91.0207
91.0207
91.0207
91.0207
91.0207
90.9306
90.8406
90.8406
90.8406
90.7507
90.6609
90.6609
90.6609
90.5711
90.5711
90.4815
90.3919
90.3024
90.213
90.1237
90.1237
90.1237
90.0345
89.9454
89.9454
89.8564
89.8564
89.8564
89.8564
89.8564
89.8564
89.7674
89.6786
89.5898
89.5898
89.5898
89.5898
89.5011
89.4125
89.4125
89.4125
89.4125
89.324
89.2356
89.1473
89.1473
89.059
88.9709
88.9709
88.8828
88.8828
88.8828
88.8828
88.8828
88.8828
88.8828
88.8828
88.7948
88.7948
88.7069
88.6191
88.5314
88.5314
88.4438
88.3562
88.3562
88.2688
88.2688
88.2688
88.1814
88.1814
88.1814
88.0941
88.0941
88.0069
87.9198
87.8328
87.8328
87.7458
87.7458
87.7458
87.7458
87.7458
87.659
87.5722
87.5722
87.4855
87.3989
87.3124
87.226
87.1396
87.0534
86.9672
86.9672
86.8811
86.8811
86.7951
86.7951
86.7951
86.7092
86.6234
86.6234
86.6234
86.6234
86.6234
86.6234
86.6234
86.5376
86.5376
86.5376
86.452
86.452
86.452
86.452
86.452
86.452
86.452
86.3664
86.3664
86.3664
86.2809
86.2809
86.1955
86.1102
86.1102
86.1102
86.1102
86.1102
86.1102
86.1102
86.1102
86.1102
86.0249
86.0249
85.9398
85.8547
85.8547
85.8547
85.7697
85.6848
85.6
85.6
85.6
85.6
85.6
85.6
85.5153
85.5153
85.4306
85.3461
85.2616
85.2616
85.1772
85.1772
85.0929
85.0086
84.9245
84.8404
84.8404
84.7565
84.6726
84.5887
84.5887
84.505
84.4214
84.4214
84.3378
84.2543
84.2543
84.1709
84.1709
84.1709
84.0876
84.0044
84.0044
84.0044
84.0044
84.0044
83.9212
83.8381
83.7552
83.6723
83.5894
83.5894
83.5067
83.5067
83.5067
83.5067
83.5067
83.5067
83.5067
83.5067
83.5067
83.424
83.3414
83.259
83.1765
83.1765
83.0942
83.012
83.012
82.9298
82.8477
82.8477
82.7657
82.7657
82.7657
82.6838
82.6019
82.6019
82.6019
82.5202
82.5202
82.4385
82.4385
82.4385
82.4385
82.4385
82.4385
82.4385
82.4385
82.4385
82.4385
82.3569
82.2753
82.2753
82.2753
82.2753
82.2753
82.2753
82.1939
82.1125
82.1125
82.1125
82.1125
82.1125
79.3937
76.8409
74.0762
70.9879
67.8937
65.1922
63.0336
61.249
58.6955
56.6958
54.2246
51.9639
50.5928
48.8692
47.7687
45.6866
43.652
42.5002
40.7687
39.1852
38.0758
37.4402
36.0574
34.5541
33.9436
33.048
31.733
30.3498
29.3449
28.6556
27.4066
26.3161
24.8963
24.5292
23.8584
23.3905
22.7733
21.7161
21.1222
20.2015
19.7075
18.8859
18.1883
17.43
16.506
15.9279
15.37
15.0239
14.4118
13.567
12.7211
12.0229
11.5103
11.0961
10.6335
10.0002
9.47011
9.04837
8.73145
8.37572
7.92385
7.47412
7.0779
6.66298
6.34736
6.05869
5.80609
5.58612
5.29522
4.97494
4.68794
4.51032
4.27545
4.07697
3.86849
3.70354
3.52462
3.33777
3.16396
2.98143
2.84866
2.70031
2.52195
2.38117
2.2283
2.07906
1.9747
1.86817
1.76738
1.69202
1.61987
1.54314
1.46714
1.39074
100
99.901
99.8021
99.8021
99.7033
99.6046
99.506
99.4076
99.4076
99.4076
99.4076
99.4076
99.4076
99.4076
99.4076
99.4076
99.4076
99.4076
99.4076
99.4076
99.4076
99.4076
99.4076
99.4076
99.3092
99.3092
99.2109
99.2109
99.2109
99.2109
99.2109
99.2109
99.2109
99.1126
99.1126
99.1126
99.0145
99.0145
99.0145
98.9165
98.9165
98.9165
98.9165
98.9165
98.9165
98.9165
98.9165
98.9165
98.9165
98.9165
98.9165
98.9165
98.9165
98.8186
98.8186
98.8186
98.8186
98.8186
98.8186
98.8186
98.8186
98.8186
98.8186
98.8186
98.8186
98.8186
98.8186
98.8186
98.8186
98.8186
98.8186
98.8186
98.8186
98.8186
98.8186
98.8186
98.8186
98.8186
98.7208
98.7208
98.7208
98.6231
98.6231
98.5255
98.5255
98.5255
98.4279
98.4279
98.3305
98.3305
98.3305
98.3305
98.3305
98.2332
98.1359
98.1359
98.1359
98.1359
98.1359
98.1359
98.1359
98.1359
98.0388
98.0388
97.9417
97.9417
97.9417
97.8448
97.7479
97.7479
97.6512
97.6512
97.5545
97.458
97.3615
97.2651
97.1688
97.0727
97.0727
97.0727
96.9766
96.8806
96.7847
96.7847
96.6889
96.5932
96.4976
96.4976
96.4976
96.4976
96.4976
96.4976
96.4976
96.402
96.3066
96.2113
96.2113
96.116
96.0209
95.9259
95.8309
95.736
95.736
95.6413
95.6413
95.6413
95.6413
95.6413
95.6413
95.5466
95.452
95.452
95.3575
95.3575
95.2632
95.2632
95.1689
95.0747
94.9805
94.9805
94.8865
94.7926
94.6988
94.6988
94.6988
94.6988
94.6988
94.6988
94.6988
94.6988
94.6988
94.6988
94.6988
94.6988
94.6988
94.6988
94.6988
94.6988
94.6988
94.6988
94.6988
94.6988
94.6988
94.6988
94.6988
94.6988
94.6988
94.6988
94.6988
94.6988
94.6988
94.6988
94.6988
94.6988
94.6988
94.6988
94.6988
94.6988
94.6988
94.6988
94.6988
94.6988
94.6988
94.6988
94.6988
94.6988
94.6988
94.6988
94.6988
94.6988
94.6988
94.605
94.5114
94.5114
94.5114
94.5114
94.5114
94.5114
94.5114
94.5114
94.5114
94.5114
94.5114
94.5114
94.5114
94.5114
94.5114
94.5114
94.5114
94.4178
94.4178
94.3244
94.3244
94.3244
94.3244
94.3244
94.231
94.231
94.231
94.1377
94.1377
94.1377
94.1377
94.1377
94.1377
94.1377
94.1377
94.1377
94.0445
93.9515
93.8585
93.8585
93.7655
93.6727
93.6727
93.58
93.4874
93.4874
93.4874
93.3948
93.3948
93.3948
93.3948
93.3948
93.3948
93.3948
93.3948
93.3948
93.3948
93.3948
93.3948
93.3948
93.3948
93.3948
93.3024
93.3024
93.21
93.1178
93.0256
93.0256
93.0256
92.9335
92.8415
92.7496
92.6578
92.6578
92.6578
92.5661
92.4745
92.4745
92.4745
92.4745
92.3829
92.2915
92.2001
92.1089
92.1089
92.1089
92.1089
92.0177
91.9266
91.8356
91.8356
91.7447
91.6539
91.6539
91.5632
91.5632
91.5632
91.5632
91.4725
91.382
91.382
91.2915
91.2012
91.2012
91.2012
91.2012
91.2012
91.2012
91.2012
91.2012
91.2012
91.2012
91.2012
91.2012
91.2012
91.1109
91.1109
91.1109
91.1109
91.1109
91.1109
91.1109
91.1109
91.1109
91.1109
91.1109
91.1109
91.1109
91.0207
91.0207
91.0207
91.0207
91.0207
91.0207
91.0207
91.0207
91.0207
91.0207
91.0207
91.0207
91.0207
91.0207
90.9306
90.9306
90.9306
90.9306
90.9306
90.8406
90.7507
90.6609
90.6609
90.5711
90.4815
90.3919
90.3024
90.3024
90.3024
90.213
90.213
90.213
90.213
90.213
90.213
90.1237
90.0345
89.9454
89.8564
89.8564
89.7674
89.7674
89.7674
89.6786
89.5898
89.5011
89.4125
89.324
89.2356
89.1473
89.1473
89.1473
89.1473
89.1473
89.1473
89.1473
89.059
88.9709
88.9709
88.9709
88.8828
88.7948
88.7948
88.7948
88.7069
88.7069
88.6191
88.6191
88.6191
88.5314
88.4438
88.3562
88.3562
88.3562
88.3562
88.3562
88.3562
88.3562
88.2688
88.2688
88.2688
88.2688
88.1814
88.1814
88.0941
88.0941
88.0069
88.0069
88.0069
87.9198
87.9198
87.9198
87.9198
87.8328
87.7458
87.7458
87.7458
87.659
87.659
87.5722
87.5722
87.5722
87.4855
87.3989
87.3989
87.3989
87.3989
87.3124
87.3124
87.226
87.226
87.226
87.226
87.226
87.226
87.1396
87.0534
86.9672
86.9672
86.9672
86.9672
86.9672
86.8811
86.8811
86.8811
86.7951
86.7951
86.7092
86.7092
86.6234
86.6234
86.5376
86.452
86.452
86.452
86.452
86.452
86.3664
86.2809
86.1955
86.1102
86.1102
86.0249
85.9398
85.9398
85.9398
85.8547
85.7697
85.7697
85.6848
85.6848
85.6848
85.6848
85.6848
85.6848
85.6848
85.6848
85.6
85.6
85.6
85.5153
82.1939
78.0682
75.1848
71.9078
69.8028
67.2913
64.7418
62.7222
60.1668
58.8701
56.8645
54.5478
52.6373
49.7975
47.9108
45.551
43.7818
41.6254
40.088
38.8375
37.8128
36.6696
34.6912
33.3769
32.0805
31.0183
29.7251
28.0936
26.8159
25.8255
24.1436
22.9772
22.1286
21.3324
20.5038
19.649
18.8112
18.0627
17.3096
16.6538
15.9121
15.2337
14.5697
14.1572
13.6884
13.0788
12.3855
11.8222
11.2288
10.75
10.3018
9.87232
9.37678
8.85335
8.4173
8.01064
7.60855
7.29135
6.90481
6.65638
6.41054
6.11293
5.92224
5.69786
5.4065
5.0394
4.81021
4.51927
4.3052
4.06487
3.8877
3.69621
3.52113
3.36432
3.22406
3.08964
2.95205
2.79279
2.6737
2.55716
2.44328
2.31835
2.15666
2.077
2.00823
1.89801
1.78144
1.69874
1.61987
1.53552
1.47296
1.41435
1.33276
1.26711
